"CycNr"	"time.s.ch"	"time.s.dc"	"Qch.mAh"	"Qdc.mAh"	"Qch.mAh.g"	"Qdc.mAh.g"	"CE"	"Ewe.endCH"	"Ewe.endDC"	"Edrop.ch"	"Edrop.dc"
1	78314.9657554654	139309.131267891	1.97670189950145	1.68376358107323	274.866425572057	234.132459302403	0.851804504006344	0.025152782	1.1998796	1.369648718	0.0820703
2	202664.961876418	262721.584140811	1.75949281358329	1.65784930882593	244.662839961523	230.529000740587	0.942231361235083	0.025192145	1.1998796	1.068173255	0.0153906000000001
3	293605.281362231	323208.780450116	1.70212757362523	1.63733348939521	236.686028453762	227.676213501385	0.961933473592687	0.024955971	1.1999977	1.066756129	0.0142884999999999
4	353873.561648702	383444.30473317	1.69065045898558	1.63550073735118	235.090100672402	227.421363742082	0.967379583791974	0.024995333	1.2000765	1.011373467	0.0277504
5	414035.741924105	443591.239006983	1.68693006708821	1.63467175554916	234.572768836572	227.306091295162	0.969021649113616	0.025034696	1.1999583	1.014050104	0.0278685000000001
6	474144.074193892	503696.627276463	1.68509622865239	1.63451262324226	234.317768011178	227.283963462735	0.969981770447268	0.025034696	1.1999977	1.016411904	0.0275928999999999
7	534194.310457621	563753.757540911	1.68214070361574	1.63493889802235	233.906793244211	227.343238270507	0.97193944270421	0.024955971	1.1999977	1.017277829	0.0281439999999999
8	594219.594718743	623776.267801745	1.68037237395043	1.63462527760582	233.660901613075	227.299628395442	0.972775619824633	0.025507042	1.1999977	1.016175658	0.0323557999999999
9	654204.296975635	683750.622057557	1.67838235867842	1.63406237111347	233.384183922467	227.221354531526	0.973593628808249	0.025467681	1.1999977	1.011019319	0.0386537999999998
10	714139.445227358	743676.57630832	1.67630959655013	1.63357074669288	233.095960029219	227.152992657009	0.974504202597654	0.025428317	1.1999977	1.011570283	0.0388899
11	774034.305474877	803576.882556408	1.6746130300456	1.63387518957742	232.860047284377	227.195326368271	0.975673281088067	0.025428317	1.2001158	1.012239483	0.0376697000000001
12	833903.921719763	863424.79679903	1.67305067492634	1.63270622544548	232.642797041833	227.032778341859	0.97588569785393	0.025507042	1.2000371	1.010271358	0.0402676000000002
13	893715.507958598	923228.685037061	1.67101769448374	1.63227604736478	232.360104913264	226.972960768237	0.97681553747345	0.025310231	1.199919	1.012947969	0.0384176000000001
14	953479.982192516	982970.315268598	1.66909040992773	1.63083917234075	232.092110119965	226.773158915491	0.977082585005904	0.025388956	1.1999977	1.013735344	0.0364887999999999
15	1013182.32841995	1042648.68149354	1.66718858566836	1.62939136519945	231.827655658536	226.571836918508	0.977328767246954	0.025231507	1.2000371	1.014955493	0.0352686
16	1072810.68700079	1102250.15051024	1.66445955844882	1.62822779317155	231.448176103569	226.410038680602	0.978232114386104	0.025192145	1.1999583	1.015585255	0.0345206
17	1132373.19810118	1161785.5676074	1.66230666370147	1.62663867660911	231.148809525338	226.189067177795	0.978543076394257	0.025192145	1.2000371	1.017002355	0.0331037000000001
18	1191863.36519295	1221246.38469567	1.65956829216057	1.62521167506715	230.768030613998	225.990638262831	0.979297858813215	0.025310231	1.2000371	1.016923569	0.0345994000000001
19	1251279.74027592	1280638.51177575	1.65717393753448	1.62379567880035	230.435088303481	225.793739664931	0.979858325080957	0.025270868	1.1999977	1.015545932	0.0336547
20	1310627.58735072	1339950.33884626	1.65482057263973	1.62184883591606	230.107845740072	225.523025226456	0.980075340330659	0.025152782	1.1999583	1.015427818	0.0348356000000001
21	1369890.15241536	1399164.20390508	1.65209896022091	1.61909281566689	229.729397235752	225.139792208425	0.980021690377672	0.025113421	1.1999583	1.015309779	0.0342844
22	1429049.32946766	1458291.07895354	1.64916649586675	1.61734475480767	229.32162912699	224.896719016571	0.980704349052183	0.025074057	1.1999583	1.014404343	0.0333791999999999
23	1488121.16250956	1517300.59198801	1.64595199976606	1.61384538675642	228.874643644033	224.410121220388	0.980493590934484	0.025231507	1.199919	1.011727793	0.0351899
24	1547056.06553513	1576178.14700675	1.64174744641148	1.61065505856752	228.289987681496	223.966496359246	0.981061406300999	0.025310231	1.2000371	1.011649069	0.0364101000000001
25	1605855.76054459	1634903.93800739	1.63741679700143	1.60660686620026	227.687797678013	223.403582868701	0.981183819014443	0.025310231	1.2000371	1.010153269	0.0368825000000002
26	1664498.57753534	1693445.22698605	1.63269192581525	1.60100927295629	227.03078993468	222.625220462531	0.980594837055288	0.025231507	1.2000371	1.008854393	0.0375123000000002
27	1722933.87450136	1751786.81394089	1.6266500742174	1.59582445873272	226.190652049976	221.904256237603	0.981049633247329	0.025349593	1.1999583	1.007240407	0.0375515
28	1781180.20944485	1809938.85887314	1.62125865067047	1.59060452411222	225.440958168737	221.178408414409	0.981092389825909	0.025231507	1.2000765	1.011058693	0.0362921
29	1839226.86036454	1867881.92778048	1.61526838882271	1.58486953151877	224.607993996066	220.380940209799	0.98118030569143	0.025152782	1.2000765	1.010310718	0.0354654000000001
30	1897054.49525811	1925575.92265812	1.60867510188368	1.57743010305593	223.691177345989	219.346465001172	0.980577185044287	0.025152782	1.1998796	1.010192618	0.0355834000000002
31	1954613.95411972	1983019.60950593	1.60104095159706	1.57096665908858	222.62962547411	218.447703412164	0.981215788091816	0.025152782	1.1999583	1.007634018	0.0358982999999999
32	2011928.12495209	2040201.19632249	1.5935934256666	1.56361780767159	221.594024287923	217.425823217909	0.981189921147879	0.025152782	1.1999977	1.005193618	0.0367249999999999
33	2068965.54175146	2070384.72392064	1.58538884820979	0.0753295895141115	220.453152778946	10.4748090821263	0.0475148980637609	0.025192145	0.28864366	1.006059655	-0.87616414
35	2072678.16403997	2099859.37333101	0.109672375222527	1.50636725045727	15.2502781370405	209.464958695303	13.7351566189829	0.025062259	1.199954	0.190716661	0.96279624
36	2127351.90263683	2154343.86796995	1.51009371121843	1.49572728510006	209.983134425145	207.985439073915	0.99048640093549	0.025022887	1.1998752	0.988466613	0.0366156
37	2181806.55135109	2208687.14708569	1.50827432881434	1.48946625007992	209.730143755036	207.114823066109	0.987530067723684	0.02510163	1.1998359	0.98952967	0.0381511000000001
38	2236025.13793726	2262783.88672842	1.50108369862209	1.48266616318191	208.730264704455	206.169250251256	0.987730507328082	0.024983516	1.2000722	0.987757884	0.0390568
39	2290003.30756762	2316622.24034419	1.4940809688205	1.47493978986766	207.756513776055	205.094874486221	0.987188660218361	0.024983516	1.1999934	0.985828784	0.036537
40	2343692.18116781	2370132.0499257	1.48533494314634	1.46472403995496	206.540352241721	203.674343315714	0.986123733716437	0.025062259	1.2000722	0.981970241	0.0392142999999998
41	2397027.79073114	2423290.69147058	1.47552058936923	1.45487651753291	205.17563642762	202.305015300412	0.98600895711991	0.024983516	1.2000327	0.979332384	0.0398441
42	2450025.66625925	2476113.09298038	1.46598439874436	1.44507496687185	203.849600047884	200.94207979863	0.985736934246763	0.025022887	1.1999934	0.975040913	0.0402773000000001
43	2502662.70574972	2528527.10644759	1.45501093783709	1.43266810888449	202.32370685352	199.216868370227	0.984644219248404	0.024904773	1.2000722	0.972560477	0.0399229999999999
44	2554868.46119521	2580534.45987238	1.44275545742153	1.42164616862539	200.619544937987	197.68423397419	0.985368768707438	0.025022887	1.1999147	0.969056403	0.0408678999999998
45	2606693.95860103	2632148.35325613	1.43154214029598	1.41003298810471	199.060299005212	196.069385817244	0.984974838263006	0.024944143	1.2000327	0.968111437	0.0422064
46	2658119.95996518	2683388.34260087	1.42018365130005	1.39969657577558	197.48086648127	194.632076169864	0.98557434772206	0.025022887	1.2000327	0.965473573	0.0420882999999999
47	2709178.75329102	2734257.49190694	1.40927003179986	1.38915661929443	195.963294417001	193.166463087594	0.985727779593992	0.024983516	1.1999934	0.960906454	0.0435845000000001
48	2759877.98257936	2784788.32517772	1.39893404262955	1.37962472713518	194.526043611145	191.841024422607	0.986197122304584	0.024983516	1.199954	0.959055974	0.0436239
49	2810243.5678329	2834991.16841428	1.38889458011294	1.37066921469477	193.130025740519	190.595733114756	0.98687779066955	0.025062259	1.1999934	0.956851131	0.0448838
50	2860312.63105551	2884887.20961884	1.38054480197047	1.36096370547449	191.968963633522	189.246152468121	0.985816399099811	0.024983516	1.2000722	0.954449484	0.0452382
51	2910033.4602418	2934436.23878721	1.37018379465174	1.35134660188748	190.528233977854	187.908864894317	0.986252068636494	0.024983516	1.199954	0.950945384	0.0457498999999999
52	2959430.53139431	2983680.49992378	1.36074306633893	1.3429042162092	189.21547192365	186.734925427129	0.986890361177643	0.025062259	1.2000722	0.947283811	0.0477973999999999
53	3008530.01851579	3032639.67703062	1.35219131029214	1.33511756447301	188.02632417328	185.65216776375	0.987373276481535	0.025022887	1.1999934	0.945472693	0.0486634000000001
54	3057359.64760911	3081324.00810879	1.34411626342277	1.32707372556503	186.903464287391	184.533647440038	0.987320637119336	0.024983516	1.1999147	0.942283584	0.0494509999999999
55	3105907.27867303	3129711.63331405	1.33599994357849	1.31830665758372	185.77486526851	183.314559908742	0.98675652189971	0.025022887	1.199954	0.939803163	0.0497265
56	3154131.15022508	3177808.14504759	1.3264978580779	1.31114337269335	184.453571310283	182.318483305757	0.988424794438192	0.025022887	1.199954	0.937913333	0.0495296000000001
57	3202117.90594553	3225672.27875343	1.32001223539618	1.30433342848128	183.551725703425	181.371539801332	0.988122226071492	0.024983516	1.2000327	0.934763624	0.0505925999999999
58	3249869.32363793	3273287.28842957	1.3130965200276	1.29674778221455	182.590074397219	180.316732561295	0.98754947746514	0.025022887	1.199954	0.932834363	0.0510651
59	3297355.71929874	3320646.48807521	1.30541853583685	1.28966608323953	181.522427287332	179.332000728573	0.987933025183205	0.024944143	1.199954	0.930235847	0.0524825
60	3344590.98492961	3367739.91368917	1.29794140850546	1.28186713056724	180.4827099361	178.247532582527	0.987615559660178	0.025062259	1.2000327	0.927676681	0.052325
61	3391538.71852621	3414559.62727051	1.2895144958126	1.27476159716368	179.310922034708	177.259486499851	0.988559338652783	0.02510163	1.2000327	0.9245663	0.0530336999999999
62	3438243.75609387	3461159.75482566	1.2828876846809	1.26892930657775	178.389443743433	176.448488712751	0.989119563411647	0.025022887	1.1999147	0.921889043	0.0531518999999998
63	3484741.90763687	3507552.58635611	1.27651190646731	1.26307541818386	177.502872344756	175.634487684608	0.989474059571732	0.024904773	1.2000327	0.920668497	0.0531516999999999
64	3531040.6811561	3553739.92786206	1.27090324429803	1.2567966308675	176.722970770775	174.76140316589	0.988900324636183	0.024904773	1.199954	0.919251157	0.0535455999999999
65	3577136.26465111	3599735.77534518	1.2649998333306	1.25135667707083	175.9020834778	174.004961005469	0.98921489481635	0.024983516	1.1999147	0.916967584	0.0543723999999999
66	3623019.74012084	3645502.19080095	1.25889857859883	1.24484259512607	175.05368540622	173.09915805132	0.988834697479439	0.024944143	1.1999934	0.914211557	0.0543330000000002
67	3668683.12956433	3691054.18823116	1.25255290560056	1.23855627826031	174.171300229515	172.225026525803	0.988825520041775	0.024983516	1.199954	0.914054104	0.0545298999999999
68	3714114.24098013	3736374.70563378	1.2457754438731	1.23252606568343	173.228873513606	171.386507082449	0.989364553415439	0.025022887	1.2000327	0.911061803	0.0550809999999999
69	3759333.23037064	3781491.17301207	1.23986757136487	1.22677020565706	172.407365829781	170.586137197672	0.989436480144898	0.024944143	1.1999934	0.908660157	0.0556323000000001
70	3804362.05173848	3826418.3543678	1.23420702510279	1.22113967176242	171.620249614516	169.803194293599	0.989412348921542	0.02510163	1.1999934	0.90743962	0.0564984000000002
71	3849189.06508227	3871146.79169983	1.22841886185147	1.21570336229028	170.815387867826	169.047258887615	0.989648889351939	0.025062259	1.1999147	0.905510431	0.0564590999999999
72	3893795.92439981	3915664.68900676	1.22156545138112	1.21070731648582	169.86240024767	168.352543486869	0.991111295032924	0.024944143	1.199954	0.903659927	0.0557110000000001
73	3938242.28569822	3960001.74629215	1.21719446769353	1.20473390109124	169.254601639926	167.521921864874	0.989762879364789	0.024944143	1.2000722	0.902281927	0.0570891
74	3982496.2929737	4004168.63955724	1.21186697414318	1.19981471656247	168.513797419618	166.837894258843	0.990054801527015	0.025022887	1.199954	0.900588963	0.0581913999999999
75	4026571.64022788	4048164.28480192	1.20654244060616	1.19541747669874	167.773404798187	166.226444649759	0.990779467399563	0.024904773	1.2001115	0.899092807	0.0587032999999999
76	4070485.81746284	4091976.2860247	1.20180576361323	1.18975949204422	167.114755421432	165.439684633834	0.989976523716451	0.024944143	1.2000327	0.899447187	0.0588213
77	4114209.82867514	4135588.7192237	1.19640176086349	1.1834877319283	166.363312363692	164.567577268762	0.989205942888391	0.025022887	1.199954	0.893895723	0.0595299999999999
78	4157712.23586102	4179000.36627903	1.18995847729604	1.17850832830221	165.467354139754	163.875176013656	0.990377690304078	0.025022887	1.2000327	0.892872073	0.0598056
79	4201052.52119169	4222221.09278905	1.18549852034168	1.17180481438838	164.847183528009	162.94303196668	0.988448989418095	0.025022887	1.1999934	0.891375933	0.0604356000000001
80	4244144.94980121	4265223.16146858	1.17848160626577	1.16685618867192	163.871460233021	162.254910473743	0.990135257494016	0.024983516	1.199954	0.889682954	0.059215
81	4287058.78854897	4308057.12827828	1.17317762716377	1.16242069570084	163.133925768445	161.638141653458	0.990830943913467	0.025062259	1.1999934	0.887241901	0.0597269
82	4329805.63142625	4350679.01925229	1.16791030552176	1.1555240701991	162.401488635439	160.679144851436	0.989394532042316	0.024944143	1.2000327	0.886218297	0.0599631
83	4372332.69247382	4393134.2463555	1.16241247305754	1.15133989875377	161.636998269838	160.09732305552	0.990474487705173	0.024983516	1.2001115	0.883934684	0.0616561
84	4414712.97363506	4435407.55559961	1.15784475985615	1.14553017936111	161.001843823424	159.289463861658	0.989364221420694	0.025062259	1.2000327	0.881847981	0.0618136
85	4456867.36297134	4477434.91303443	1.15141168057202	1.1384913554072	160.107304536191	158.310693931336	0.988778709315854	0.025022887	1.199954	0.881060573	0.0592543999999999
86	4498784.57049138	4519291.79860117	1.1452450132465	1.13516013213377	159.249810644024	157.847477179138	0.991194127897452	0.024904773	1.2000722	0.877753327	0.0598844999999999
87	4540563.66611857	4560965.31431008	1.14069618429242	1.12929355088205	158.617282109771	157.031711170416	0.990003794553374	0.024904773	1.1999934	0.878422637	0.0620499000000001
88	4582149.83189509	4602463.98415452	1.13553530180101	1.12445239434813	157.899645665162	156.358533594957	0.990239926988353	0.024983516	1.2000722	0.874800454	0.0608293999999998
89	4623553.62381303	4643785.9161359	1.13000236214386	1.11986423844056	157.130273537351	155.720536527923	0.991028227866652	0.024944143	1.2000722	0.873658697	0.0598844999999999
90	4664796.08985591	4684946.36024232	1.12536733990644	1.11532677972016	156.485759564269	155.089589059328	0.991077970872058	0.024983516	1.2000327	0.872674414	0.0612623999999999
91	4705879.53802202	4725951.27046928	1.12105384588788	1.11100198718698	155.885955070275	154.48821347243	0.99103356298382	0.024944143	1.1999147	0.871493267	0.0614199999999998
92	4746819.9062991	4766835.26078997	1.11715720731028	1.10782836083529	155.344115596229	154.046911052672	0.991649477429009	0.024904773	1.2000722	0.869682147	0.0629948999999999
93	4787638.45267048	4807585.02321464	1.11341618638796	1.10403597470634	154.823915231587	153.519568199449	0.99157528712417	0.024983516	1.2000722	0.869839614	0.0629161
94	4828322.29914615	4848247.22170722	1.10933357270807	1.10278472910992	154.256215352579	153.345578684547	0.994096596588019	0.025022887	1.199954	0.868776593	0.0621285
95	4868985.81963768	4888853.55224298	1.10869442140962	1.09965836349512	154.167339415924	152.910848014339	0.991849821068811	0.024944143	1.2000327	0.870272737	0.0619711000000001
96	4909542.16421233	4929383.06083834	1.10551177803348	1.09818181374424	153.724783151426	152.705529269866	0.993369618999195	0.025022887	1.2000722	0.870115193	0.0621286999999999
97	4950045.34282802	4969834.24549443	1.10418775563117	1.0952483197011	153.540673799787	152.297617979712	0.991904061710085	0.024904773	1.2000327	0.869485277	0.0646088999999999
98	4990418.43954463	5010155.53425109	1.09971459641365	1.09241045116709	152.9186673731	151.90300370814	0.993358144676464	0.024983516	1.2000722	0.868107264	0.0634672999999999
99	5030714.24632102	5050394.89507132	1.098278736856	1.08924319130759	152.719006724049	151.462586568531	0.991772994190641	0.024983516	1.1999934	0.868304144	0.0613412000000002
100	5070897.75118447	5090504.56199193	1.09475606654872	1.08518465006917	152.229168678123	150.898234035899	0.991257032710744	0.025022887	1.2000327	0.867241063	0.0629947
101	5111048.30807342	5130617.28091025	1.09151623488015	1.08309691086889	151.77866020721	150.60792753513	0.992286579216859	0.025022887	1.1999934	0.865666243	0.0628766000000001
102	5150983.55912923	5167638.13222436	1.0869577440482	0.921278047453786	151.144788159383	128.106521233927	0.84757485053893	0.025022887	0.51807505	0.866729233	-0.61797865
